-3.917391808875574952e+02
-3.917323780412949645e+02
-3.912899209203820305e+02
-2.787207747901400126e+02
-2.787188699931865017e+02
-2.785115192391054961e+02
-2.785055327343944782e+02
-2.784402254102745360e+02
-2.782775013276755089e+02
-2.782720590506655185e+02
-2.781490635902395070e+02
-2.781403559470235223e+02
-2.776815719950805033e+02
-2.776791229704260218e+02
-2.775422497036245204e+02
-2.775384401097175555e+02
-2.774649693700824855e+02
-2.774540848160625046e+02
-2.774361253019295077e+02
-2.774323157080224860e+02
-2.774034716398695082e+02
-2.773980293628595177e+02
-2.773604776514904984e+02
-2.773504094390219734e+02
-2.773465998451150085e+02
-2.773365316326464836e+02
-2.773117692722510128e+02
-2.773036058567359987e+02
-2.773014289459320025e+02
-2.772997962628290338e+02
-2.772788434963404711e+02
-2.772774829270879877e+02
-2.772714964223769698e+02
-2.772695916254235158e+02
-2.772589791852540202e+02
-2.772578907298520221e+02
-2.772456456065795010e+02
-2.772442850373270176e+02
-2.772048285290044873e+02
-2.772015631627984931e+02
-2.771868690148714904e+02
-2.771833315348150109e+02
-2.771819709655624706e+02
-2.771787055993565332e+02
-2.771705421838414622e+02
-2.771672768176355248e+02
-2.771539432389610056e+02
-2.771506778727550113e+02
-2.771161194137415009e+02
-2.771063233151235181e+02
-2.770995204688609874e+02
-2.770957108749540225e+02
-2.770929897364489989e+02
-2.770872753455885231e+02
-2.770802003854755071e+02
-2.770799282716249650e+02
-2.770674110345020154e+02
-2.770663225791000173e+02
-2.770587033912860306e+02
-2.770521726588740421e+02
-2.770475467234155076e+02
-2.769713548452754708e+02
-2.769631914297605135e+02
-2.769389732970660134e+02
-2.769128503674180024e+02
-2.767359763645930002e+02
-2.767253639244235046e+02
-2.766377432645625163e+02
-2.766219606612335156e+02
-2.766132530180175308e+02
-2.765961098454360467e+02
-2.765947492761835065e+02
-2.765887627714724886e+02
-2.765705311434890064e+02
-2.765552927678610331e+02
-2.765506668324024986e+02
-2.765474014661965043e+02
-1.826055368580815070e+02
-1.825848562054434865e+02
-2.711451251922200001e+01
-2.704757251199900026e+01
-2.651450147886950148e+01
-2.372043646193549904e+01
-2.352097700951900094e+01
-2.343580537431249766e+01
-2.340015845989699983e+01
-2.318600485955349910e+01
-2.318192315179599916e+01
-2.315280696979250052e+01
-2.311797639692850126e+01
-2.291497946445550227e+01
-2.250762503025699957e+01
-2.206135831543700121e+01
-2.196040407690150076e+01
-2.180856454832250080e+01
-2.176366576298999789e+01
-2.158434273551049998e+01
-2.088228900122050291e+01
-2.079330777210700276e+01
-2.070078906293699816e+01
-2.069453044437550204e+01
-2.059548100279350180e+01
-2.045969619139399853e+01
-2.025669925892099954e+01
-2.021751486444900081e+01
-2.020717453813000120e+01
-2.013234322924250108e+01
-2.012880574918600018e+01
-2.002839573835149878e+01
-1.987383507126750359e+01
-1.985587555713449959e+01
-1.959709528530900258e+01
-1.952933893653450070e+01
-1.947165080022850248e+01
-1.908769815717300133e+01
-1.885993886430449962e+01
-1.884551683022800006e+01
-1.839598474920200033e+01
-1.837367141346100041e+01
-1.835816092398249921e+01
-1.833748027134449998e+01
-1.754018668937949954e+01
-1.749800904255199896e+01
-1.744766798020950205e+01
-1.734589740012249948e+01
-1.691840654098700014e+01
-1.680656774843150103e+01
-1.664384366583250241e+01
-1.648656186024350134e+01
-1.640302290813999875e+01
-1.633635501476750207e+01
-1.632057241143850135e+01
-1.625771411197300154e+01
-1.621417589589299979e+01
-1.615240605182949807e+01
-1.612274564212500039e+01
-1.603539709611450093e+01
-1.588219699828299980e+01
-1.580654934784399934e+01
-1.555484403613149880e+01
-1.551185004775249965e+01
-1.502231723070300085e+01
-1.501714706754349926e+01
-1.470530459487049946e+01
-1.464516743391000020e+01
-1.454258051227149906e+01
-1.440434667621750009e+01
-1.425522828614349891e+01
-1.417196144789049939e+01
-1.390011971124100221e+01
-1.388188808325750045e+01
-1.383698929792499932e+01
-1.376596758294449963e+01
-1.343861462079300040e+01
-1.341766185430449987e+01
-1.326745500882850060e+01
-1.307588685807650108e+01
-1.296649709017549945e+01
-1.276703763775899958e+01
-1.264132103882799996e+01
-1.258580981332599968e+01
-1.250172663352149982e+01
-1.249410744570750076e+01
-1.248322289168750032e+01
-1.240893581050099925e+01
-1.236730239137449949e+01
-1.232594108609849926e+01
-1.228757303317800087e+01
-1.213899887080500051e+01
-1.212893065833650041e+01
-1.209627699627649910e+01
-1.196756714499000118e+01
-1.191287226103950125e+01
-1.184348322916200047e+01
-1.179504696377300021e+01
-1.176239330171299891e+01
-1.171450126402499947e+01
-1.168919467592850125e+01
-1.165354776151299987e+01
-1.164728914295150020e+01
-1.162660849031349919e+01
-1.151504181160849960e+01
-1.148837465425950022e+01
-1.144129895812299935e+01
-1.136837244618899945e+01
-1.135340618441149907e+01
-1.132973227941799976e+01
-1.128564983563700075e+01
-1.126796243535449982e+01
-1.126034324754050076e+01
-1.123177129323800116e+01
-1.117925332009149919e+01
-1.116211014751000086e+01
-1.108074810621049977e+01
-1.096183435354199887e+01
-1.090877215269450140e+01
-1.083693409616249959e+01
-1.080019872634500011e+01
-1.069298586924799999e+01
-1.065652261328100003e+01
-1.048427454591450037e+01
-1.047719958580150035e+01
-1.045216511155549988e+01
-1.043148445891750065e+01
-1.022032411092949999e+01
-1.017787435025149989e+01
-1.011583239233750042e+01
-1.002059254466250060e+01
-9.985761971798501335e+00
-9.963992863758500462e+00
-9.912019118312999311e+00
-9.870113585336000028e+00
-9.768070891398499711e+00
-9.744396986404998628e+00
-9.704940478082500377e+00
-9.684259825444499370e+00
-9.627115916839500187e+00
-9.507657936470000237e+00
-9.499766634805499876e+00
-9.428744919825000181e+00
-9.421125732011001119e+00
-9.363981823406000160e+00
-9.338131007608499345e+00
-9.286973603714500314e+00
-9.283708237508498939e+00
-9.248605550794000152e+00
-9.222210507295500292e+00
-9.193638552993000701e+00
-9.153909930819999374e+00
-9.144113832202000580e+00
-8.917170880884999207e+00
-8.901660391406499784e+00
-8.777304361728001325e+00
-8.772950540120000085e+00
-8.676350123192500874e+00
-8.539204742540499993e+00
-8.467094572158000432e+00
-8.375936432240498775e+00
-8.351174071844999602e+00
-8.169402019711000662e+00
-8.090489003065998830e+00
-8.008038506364499654e+00
-7.966405087238000782e+00
-7.880689224330499343e+00
-7.728577581900999860e+00
-7.349795102005000302e+00
-7.280950297828499451e+00
-7.044211247893500172e+00
-7.007747991926499331e+00
-6.963665548145501205e+00
-6.840942201570000769e+00
-6.815091385772499954e+00
-6.714409261087499914e+00
-6.703796820917999888e+00
-6.615359819505499672e+00
-6.581889815894000684e+00
-6.517670947176000595e+00
-6.479030780405000023e+00
-6.194399692782000422e+00
-5.939701128713999800e+00
-5.868679413733500105e+00
-5.824596969952500203e+00
-5.322546915780000276e+00
-5.185401535128000283e+00
-4.794918159660499946e+00
-1.888198008619499824e+00
-1.687922214651500052e+00
-9.189284731385000127e-01
-9.069554637164999322e-01
-5.249076176144999994e-01
-3.542922333510000188e-01
-1.779624582269999922e-01
-1.763297751239999989e-01
-6.449098256849999933e-02
-4.653146843549999662e-02
-1.360569252500000090e-02
5.306220084749999760e-02
7.292651193400000176e-02
1.948335169579999970e-01
2.291198621210000230e-01
3.104819034205000272e-01
6.808288539510000126e-01
7.009652788880000873e-01
7.360679656025000961e-01
8.683152969455000258e-01
1.548327809344999917e+00
1.814727268984499986e+00
2.311335046147000138e+00
2.452017906855500140e+00
2.533652062005499861e+00
2.541271249819500255e+00
2.743723954591500203e+00
2.779915096708000188e+00
2.898012507824999862e+00
2.908897061844999854e+00
2.997878290958500003e+00
3.029171383766000147e+00
3.247678805717499895e+00
3.377477112405999904e+00
3.392443374183500282e+00
3.501833142084500139e+00
3.678162917208500193e+00
3.710000237716999827e+00
3.754082681498000174e+00
3.807689110046500236e+00
3.870275295661500081e+00
3.927963431967500085e+00
3.968236281841499569e+00
3.984563112871500223e+00
4.056129055552999851e+00
4.135858413749499363e+00
4.143749715413999724e+00
4.176947605175000078e+00
4.235996310733500358e+00
4.261847126531000285e+00
4.298582496348499760e+00
4.328515019903499628e+00
4.341032257026499863e+00
4.363345592767499781e+00
4.379944537647999958e+00
4.407155922698000161e+00
4.450694138778000131e+00
4.474912271472500258e+00
4.525525447665500245e+00
4.557634882024499845e+00
4.581308787018000039e+00
4.610424969021500452e+00
4.630017166257499817e+00
4.839000603441499848e+00
4.928253946405499519e+00
4.933968337266000148e+00
4.956825900707999999e+00
5.079549247283500435e+00
5.129890309626000011e+00
5.151931531516500407e+00
5.196286089147999832e+00
5.204721618513500125e+00
5.228939751208000253e+00
5.243906012985499743e+00
5.254790567005500179e+00
5.278736585849499896e+00
5.390575378404999896e+00
5.410439689491500559e+00
5.471665305854000572e+00
5.511393928027000122e+00
5.539965882329499713e+00
5.560102307266500787e+00
5.632756705349999393e+00
5.677927604533000050e+00
5.745139725606500214e+00
5.792759649444000125e+00
5.802555748062000696e+00
5.924734866936500310e+00
5.985960483299000323e+00
6.065417727644999424e+00
6.173719040144000303e+00
6.181882455659000186e+00
6.245557096676000342e+00
6.270863684772499447e+00
6.295898159018499918e+00
6.324197999470499987e+00
6.397396625255000302e+00
6.455628989262000239e+00
6.486649968218999973e+00
6.572910058827499569e+00
6.628965512030499774e+00
6.718490968845000744e+00
6.817268296576499687e+00
6.943257009357999721e+00
6.954957904929499612e+00
7.023802709106000464e+00
7.182445083947500919e+00
7.242038017207000244e+00
7.324488513908500309e+00
7.393333318085000272e+00
7.436327306464001197e+00
7.455375275998999740e+00
7.567214068554500628e+00
7.692386439784500318e+00
7.776197505738500659e+00
7.814293444808499522e+00
7.865722962552999853e+00
7.982187690566999727e+00
8.152803074830499597e+00
8.159061693391999270e+00
8.229267066821000398e+00
8.289948455482498701e+00
8.322330003692000489e+00
8.351990413396499946e+00
8.380834481549499060e+00
8.399066109532999036e+00
8.464645547503501177e+00
8.484509858590000064e+00
8.497843437264499755e+00
8.653764673601001434e+00
8.688051018763999878e+00
8.805332088329500095e+00
8.839074205791499494e+00
8.846421279755000810e+00
8.943021696682500021e+00
8.958532186161001221e+00
9.066561384809499913e+00
9.146834970706999357e+00
9.242619046083000001e+00
9.465480289642499656e+00
9.562352820420500166e+00
9.615415021268001183e+00
9.637456243158499802e+00
9.744941214105999450e+00
9.871746268439000715e+00
9.937325706409501080e+00
9.947393918877999397e+00
1.017760223640100037e+01
1.040291250461499928e+01
1.047910438275500056e+01
1.055339146394149985e+01
1.067094464735749959e+01
1.077598059365049998e+01
1.092047304826600040e+01
1.097625638761850020e+01
1.119122632951350127e+01
1.138769252957449929e+01
1.150823896534600088e+01
1.154306953821000015e+01
1.195069608625900059e+01
1.219831969021400120e+01
1.226852506364300055e+01
1.230634888886249989e+01
1.233002279385600097e+01
1.254063891414300080e+01
1.256485704683750093e+01
1.261302119837599989e+01
1.273601665880200073e+01
1.275234348983200050e+01
1.286227748543399940e+01
1.288023699956699986e+01
1.317194304730299947e+01
1.323779459912400114e+01
1.328350972600799906e+01
1.334772859472600004e+01
1.346201641193600018e+01
1.356269853662099933e+01
1.360623675270100108e+01
1.364133943941550164e+01
1.376705603834649949e+01
1.378583189403099851e+01
1.386256799987200061e+01
1.389576588963300097e+01
1.391018792370950052e+01
1.394039256111499903e+01
1.404134679965049948e+01
1.411590599468750185e+01
1.419291421437900169e+01
1.424080625206700113e+01
1.428434446814699932e+01
1.433332496123700039e+01
1.436652285099800075e+01
1.442285041805149959e+01
1.446094635712149845e+01
1.449142310837750003e+01
1.453958725991600076e+01
1.457468994663050132e+01
1.459700328237149947e+01
1.468489605608300153e+01
1.476435330042899885e+01
1.478013590375799957e+01
1.482204143673499885e+01
1.488462762235000092e+01
1.493632925394500255e+01
1.495320031267600136e+01
1.496272429744349886e+01
1.501088844898200136e+01
1.504735170494900132e+01
1.510667252435800023e+01
1.513551659251100112e+01
1.517715001163749911e+01
1.528082538867799833e+01
1.532000978314999884e+01
1.532762897096399968e+01
1.540382084910400096e+01
1.541742654162900017e+01
1.551130582005150060e+01
1.554368736826099884e+01
1.558259964888249982e+01
1.566287323478000104e+01
1.568083274891299972e+01
1.573416706361099848e+01
1.575403137469749915e+01
1.580355609548850104e+01
1.581171951100349915e+01
1.582831845588400022e+01
1.593879667918700171e+01
1.597498782130350037e+01
1.602696156674899797e+01
1.605988734265950058e+01
1.611131686040400268e+01
1.619431158480650268e+01
1.622125085600600158e+01
1.629091200173400011e+01
1.633227330700999858e+01
1.638996144331600036e+01
1.643431600094750067e+01
1.645281974278150017e+01
1.648166381093449928e+01
1.650560982977850344e+01
1.654370576884850053e+01
1.659132569268600221e+01
1.661363902842699858e+01
1.663295911181250020e+01
1.666289163536749740e+01
1.670479716834450201e+01
1.674262099356400313e+01
1.675241709218200015e+01
1.675867571074349982e+01
1.677854002183000048e+01
1.681799653015249874e+01
1.687187507255150010e+01
1.688330385427249780e+01
1.693418914431600086e+01
1.697582256344250240e+01
1.700385029004399939e+01
1.704221834296449956e+01
1.706044997094799953e+01
1.711215160254300116e+01
1.713147168592849923e+01
1.713963510144350266e+01
1.716439746183900183e+01
1.718453388677599847e+01
1.723106535521149851e+01
1.727215454663700100e+01
1.733827821230850219e+01
1.735759829569400026e+01
1.740195285332550057e+01
1.743787188159150148e+01
1.753447229851899891e+01
1.754971067414700059e+01
1.768712816864949744e+01
1.776168736368650158e+01
1.784005615263050260e+01
1.784985225124850317e+01
1.791271055071399942e+01
1.799243990891049805e+01
1.818074269345650151e+01
1.820332814304800095e+01
1.829911221842399982e+01
1.832333035111849995e+01
1.838754921983650092e+01
1.841993076804600094e+01
1.855598769329600017e+01
1.857938948443900173e+01
1.863217957143600145e+01
1.868279274762899789e+01
1.877993739225750147e+01
1.886810227981949950e+01
1.896932863220549947e+01
1.899409099260099865e+01
1.913178060095400213e+01
1.922021760236649968e+01
1.933287273647350091e+01
1.942158185173649798e+01
1.949886218527850090e+01
1.955981568779050050e+01
1.960199333461800109e+01
1.962485089806000005e+01
1.989070612999849885e+01
2.002023232283649889e+01
2.008499541925550247e+01
2.019873900876450179e+01
2.047656725012499734e+01
2.056582059308900057e+01
2.065235279754799791e+01
2.076337524855200201e+01
2.081426053859550152e+01
2.091249363862599964e+01
2.099657681843050128e+01
2.101399210486249913e+01
2.107712251817849847e+01
2.120338334481050069e+01
2.127658197059500012e+01
2.134161718086450321e+01
2.144365987480199820e+01
2.151631427288550213e+01
2.156094094436750197e+01
2.164148664411549916e+01
2.198135684338999951e+01
2.201809221320750254e+01
2.214489726754050025e+01
2.220149694844450039e+01
2.232694143352500049e+01
2.244231770613700050e+01
2.247333868509399935e+01
2.251796535657600273e+01
2.257864674523749926e+01
2.261130040729749879e+01
2.267742407296899998e+01
2.270191431951399963e+01
2.275796977271700072e+01
2.278055522230850016e+01
2.285130482343850034e+01
2.285593075889699932e+01
2.286980856527249983e+01
2.295280328967499983e+01
2.298028678857550133e+01
2.299987898581150247e+01
2.301593370299099917e+01
2.305919980522050139e+01
2.307171704234350074e+01
2.308151314096150131e+01
2.312641192629400066e+01
2.314954160358649915e+01
2.324097185735450211e+01
2.327825145487300063e+01
2.329838787981000081e+01
2.336587211473399961e+01
2.339145081668100090e+01
2.345104374994049934e+01
2.350791554469499900e+01
2.354818839456900292e+01
2.359825734306100031e+01
2.365839450402150135e+01
2.373349792675950098e+01
2.378683224145749975e+01
2.387554135672050037e+01
2.391037192958449964e+01
2.401704055898050072e+01
2.408017097229650005e+01
2.410466121884149970e+01
2.417296179531700062e+01
2.422466342691200225e+01
2.429568514189250195e+01
2.434194449647749892e+01
2.447038223391350087e+01
2.448915808959799989e+01
2.455011159210999949e+01
2.457079224474799872e+01
2.460616704531300059e+01
2.465133794449599947e+01
2.470004632373549924e+01
2.476263250935049953e+01
2.479555828526100214e+01
2.485705601547400079e+01
2.487365496035450008e+01
2.498413318365750158e+01
2.500399749474400224e+01
2.511638051500050040e+01
2.516889848814700059e+01
2.520291271945949774e+01
2.523175678761250040e+01
2.529107760702149932e+01
2.531774476437049870e+01
2.541951534445750127e+01
2.543339315083300178e+01
2.550659177661750121e+01
2.557842983314949947e+01
2.558387211015950058e+01
2.566115244370149995e+01
2.575639229137649977e+01
2.585925132686550043e+01
2.589680303823450203e+01
2.604374451750449992e+01
2.607122801640499787e+01
2.611966428179399813e+01
2.614442664218950085e+01
2.619177445217649947e+01
2.623667323750900238e+01
2.630823918019049756e+01
2.632674292202450061e+01
2.635558699017749973e+01
2.645490854560999949e+01
2.657082904592300210e+01
2.668293995232900073e+01
2.683777273326349899e+01
2.688212729089499931e+01
2.691750209146000117e+01
2.696049607983900032e+01
2.701274193913500099e+01
2.723260993033900235e+01
2.725274635527599898e+01
2.733628530737950157e+01
2.739070807747950198e+01
2.740975604701450052e+01
2.754853411076949854e+01
2.762799135511549764e+01
2.766200558642799834e+01
2.776432039421599640e+01
2.779670194242549996e+01
2.789058122084800218e+01
2.792894927376850234e+01
2.798500472697149988e+01
2.806065237741049856e+01
2.812868084003549640e+01
2.819861409961400156e+01
2.827072426999649934e+01
2.831725573843199939e+01
2.841902631851900196e+01
2.851725941854950008e+01
2.854964096675900009e+01
2.863018666650700084e+01
2.871236504935800227e+01
2.874637928067050296e+01
2.889440921534249895e+01
2.900543166634650305e+01
2.921387087582950315e+01
2.935564219193999946e+01
2.947156269225299852e+01
2.960081677124049904e+01
2.967537596627749963e+01
2.980544638681649872e+01
2.994830615832899667e+01
3.010858121627350314e+01
3.022477383043700172e+01
3.031647619805549709e+01
3.040545742716900079e+01
3.047239743439200055e+01
3.062559753222349812e+01
3.064192436325349789e+01
3.069036062864250169e+01
3.069797981645650253e+01
3.084737032038100324e+01
3.090342577358400078e+01
3.106016335147199925e+01
3.109227278583099974e+01
3.124166328975550044e+01
3.133390988507499841e+01
3.141608826792599984e+01
3.149064746296300044e+01
3.158289405828249841e+01
3.164820138240249747e+01
3.166561666883449888e+01
3.175949594725700109e+01
3.188167506613149982e+01
3.202834443155099819e+01
3.212467273462799966e+01
3.213882265485399614e+01
3.222426640391100250e+01
3.228467567872199595e+01
3.239161642196850011e+01
3.243760366270299755e+01
3.262753913035200526e+01
3.271162231015649979e+01
3.279761028691449809e+01
3.285856378942649769e+01
3.290917696561950123e+01
3.302183209972650246e+01
3.306917990971350463e+01
3.312904495682349904e+01
3.334455912641949737e+01
3.360497208134800218e+01
3.366891883621549653e+01
3.379926137060500224e+01
3.388606568891449911e+01
3.390973959390800019e+01
3.397586325957950493e+01
3.412443742195250707e+01
3.417369002889299878e+01
3.419654759233500130e+01
3.429859028627249984e+01
3.456526185976250076e+01
3.462621536227450036e+01
3.470812163127500583e+01
3.478349716786350143e+01
3.481968830998000186e+01
3.491683295460850189e+01
3.492472425627300225e+01
3.500907954992799631e+01
3.519983135912850258e+01
3.522921965498250074e+01
3.540119560849849734e+01
3.541480130102349477e+01
3.572691588754700120e+01
3.587004777290999868e+01
3.590759948427899673e+01
3.601726136603049611e+01
3.612610690623049692e+01
3.619821707661299826e+01
3.650271247532250385e+01
3.660774842161550424e+01
3.682761641281950205e+01
3.691850243888649885e+01
3.703551139460149955e+01
3.713238392537950006e+01
3.721510653593149698e+01
3.771307488234650407e+01
3.772205463941300252e+01
3.775062659371550211e+01
3.780423302226400040e+01
3.794845336302899597e+01
3.803335288438499617e+01
3.805376142317250299e+01
3.825485355869199822e+01
3.838220284072600208e+01
3.855091342803599730e+01
3.879499955193449523e+01
3.881704077382500628e+01
3.886057898990500092e+01
3.899990128136099798e+01
3.915174080994000150e+01
3.920834049084400164e+01
3.931827448644600054e+01
3.934820701000100485e+01
3.945786889175250423e+01
3.950984263719799827e+01
3.964726013170049868e+01
3.971501648047500055e+01
3.977624209683750678e+01
3.981188901125300106e+01
3.986685600905399696e+01
3.993406813012749978e+01
4.009352684652050414e+01
4.010305083128800163e+01
4.015420823518200422e+01
4.019856279281350453e+01
4.025135287981049714e+01
4.029734012054500170e+01
4.041652598706399857e+01
4.043693452585149828e+01
4.050605144387849776e+01
4.059203942063650317e+01
4.059993072230099642e+01
4.063204015666000402e+01
4.064945544309200187e+01
4.072591943508250267e+01
4.087939164676449622e+01
4.090224921020650584e+01
4.095313450024999469e+01
4.103721768005449633e+01
4.117708419921149954e+01
4.121354745517849949e+01
4.122878583080650117e+01
4.124347997873350380e+01
4.127586152694300381e+01
4.133137275244499875e+01
4.135341397433549560e+01
4.143613658488749962e+01
4.144266731729950237e+01
4.152620626940299786e+01
4.162852107719100303e+01
4.172240035561350169e+01
4.178852402128499932e+01
4.190526086314950049e+01
4.192539728808650068e+01
4.234499684555749610e+01
4.242445408990349875e+01
4.243506653007300145e+01
4.266527484759600242e+01
4.295017804906949976e+01
4.313113375965200191e+01
4.329685109460650239e+01
4.334637581539750073e+01
4.336705646803549996e+01
4.348651444840500346e+01
4.390176018426799942e+01
4.416815964390750082e+01
4.422475932481150096e+01
4.426149469462900043e+01
4.444707634067000157e+01
4.481143678648950157e+01
4.512817730847149988e+01
4.519021926638549758e+01
4.531403106836300054e+01
4.542314872241350088e+01
4.543621018723749927e+01
4.557716516179650057e+01
4.582261185494750322e+01
4.601091463949350668e+01
4.629745052407000117e+01
4.651840697067599706e+01
4.657473453772949767e+01
4.666262731144099973e+01
4.691542107855550370e+01
4.697664669491799572e+01
4.706998174563950244e+01
4.720984826479650565e+01
4.722018859111550171e+01
4.739787893549200248e+01
4.746944487817349767e+01
4.756767797820400290e+01
4.760223643721749909e+01
4.769176189403199828e+01
4.798482851102049551e+01
4.802482924704400347e+01
4.818891389889549970e+01
4.829503830059049818e+01
4.839381562832200245e+01
4.857994150206400263e+01
4.864688150928700594e+01
4.870375330404149850e+01
4.880933347803549793e+01
4.890212430105600561e+01
4.894511828943500120e+01
4.918811595793150104e+01
4.919981685350300182e+01
4.928553271641050060e+01
4.930893450755350216e+01
4.938621484109550153e+01
4.946621631314250322e+01
4.953614957272100128e+01
4.965261430073500293e+01
4.965968926084799762e+01
4.979982789385550035e+01
4.986214196562000467e+01
4.993398002215199938e+01
4.998241628754099963e+01
4.999629409391649659e+01
5.025534647959250378e+01
5.028500688929700146e+01
5.039031494944050138e+01
5.051412675141800435e+01
5.064419717195700343e+01
5.075630807836299851e+01
5.082297597173550230e+01
5.091059663159649773e+01
5.093345419503850025e+01
5.099549615295249794e+01
5.107413705574700202e+01
5.116992113112300444e+01
5.129373293310050030e+01
5.134516245084500241e+01
5.141373514117100285e+01
5.144992628328749618e+01
5.160176581186649969e+01
5.176993217147549586e+01
5.184476348036299953e+01
5.193211202637350254e+01
5.202571919094550168e+01
5.210735334609550051e+01
5.216966741786000483e+01
5.219062018434849648e+01
5.231171084782100422e+01
5.239307288912050353e+01
5.240504589854250383e+01
5.249457135535700303e+01
5.252287119580900310e+01
5.266110503186300207e+01
5.273294308839499678e+01
5.279362447705649686e+01
5.294900148569200127e+01
5.298138303390150128e+01
5.304288076411449993e+01
5.315526378437100163e+01
5.326084395836500107e+01
5.343009877337600244e+01
5.360751700390200369e+01
5.369649823301549674e+01
5.390139996244199949e+01
5.395174102478450351e+01
5.399500712701400573e+01
5.409324022704449675e+01
5.410793437497149938e+01
5.422521544453699960e+01
5.429297179331150147e+01
5.434358496950450501e+01
5.440943652132549602e+01
5.443936904488050033e+01
5.452154742773149820e+01
5.459420182581499859e+01
5.490631641233850502e+01
5.508808846447249863e+01
5.519856668777549658e+01
5.535829751801900045e+01
5.537816182910550111e+01
5.557408380146550542e+01
5.564564974414700060e+01
5.577055000152649455e+01
5.587123212621150259e+01
5.589028009574649758e+01
5.595776433067049993e+01
5.604239173817600062e+01
5.608348092960150666e+01
5.614361809056200059e+01
5.619804086066200455e+01
5.623259931967550074e+01
5.651695829344800615e+01
5.655206098016250849e+01
5.664974985249200756e+01
5.668294774225300614e+01
5.674118010625999631e+01
5.680675954423050911e+01
5.685165832956300136e+01
5.691696565368300043e+01
5.708485989944150418e+01
5.714526917425249763e+01
5.720159674130600536e+01
5.734881033442650278e+01
5.739915139676899258e+01
5.748405091812499279e+01
5.772895338357500350e+01
5.781222022182799236e+01
5.805304097952050313e+01
5.816896147983349863e+01
5.827644645078100183e+01
5.835862483363199971e+01
5.839454386189800061e+01
5.843563305332350666e+01
5.849549810043350107e+01
5.861767721930799979e+01
5.865577315837799688e+01
5.870937958692650227e+01
5.879346276673100391e+01
5.883427984430599622e+01
5.884951821993399790e+01
5.885931431855200202e+01
5.892571009807400628e+01
5.903754889062950184e+01
5.907101889424099994e+01
5.909959084854350664e+01
5.920952484414549843e+01
5.925551208488000299e+01
5.954041528635350744e+01
5.957143626531050273e+01
5.965824058362000670e+01
5.979103214266400101e+01
5.995620524991750244e+01
6.009471119982200094e+01
6.013498404969600131e+01
6.019348852755350521e+01
6.026287755943100422e+01
6.049390221850550375e+01
6.051621555424650722e+01
6.063376873766249986e+01
6.079649282026150559e+01
6.084656176875349587e+01
6.094914869039200056e+01
6.113745147493800403e+01
6.116738399849300833e+01
6.125881425226100419e+01
6.130942742845400772e+01
6.138534719274349527e+01
6.144630069525549487e+01
6.145473622462100138e+01
6.152711850885400935e+01
6.164576014767200007e+01
6.173501349063599974e+01
6.177882382056650101e+01
6.183188602141400025e+01
6.190073082559050022e+01
6.196576603586000687e+01
6.199188896550800365e+01
6.200467831648150252e+01
6.214644963259200239e+01
6.226046533595150123e+01
6.235597729747699702e+01
6.239244055344399698e+01
6.253040227564750353e+01
6.256468862081050020e+01
6.269203790284450406e+01
6.278374027046299943e+01
6.282210832338351025e+01
6.284224474832050333e+01
6.296741711955050391e+01
6.298700931678649795e+01
6.303735037912900196e+01
6.307789534285350186e+01
6.311381437111949566e+01
6.315952949800350780e+01
6.320061868942899963e+01
6.324007519775150143e+01
6.329721910635650062e+01
6.338538399391850220e+01
6.352388994382300069e+01
6.355164555657400172e+01
6.369314475883399496e+01
6.378702403725649361e+01
6.387818217717400415e+01
6.393478185807799719e+01
6.398403446501850311e+01
6.421478701024248892e+01
6.429533270999050387e+01
6.451574492889550072e+01
6.492282724924351101e+01
6.497126351463249705e+01
6.501888343847001295e+01
6.506405433765300472e+01
6.526813972552800180e+01
6.534596428677099311e+01
6.539521689371150615e+01
6.549725958764899758e+01
6.568365757524149728e+01
6.584583743013949686e+01
6.656367376775850175e+01
6.664775694756301050e+01
6.699633479005350978e+01
6.714626952167900242e+01
6.730572823807200677e+01
6.743824768326550156e+01
6.763253697252250163e+01
6.780777829224450670e+01
6.799934644299649733e+01
6.806628645021949353e+01
6.857894894456150325e+01
6.861214683432250183e+01
6.884425994879900657e+01
6.896970443387949956e+01
6.930903040545300087e+01
6.937814732347999325e+01
6.964754003547500361e+01
6.973733760614000232e+01
6.985108119564900164e+01
7.009761634420199528e+01
7.036564848694450802e+01
7.041354052463249502e+01
7.049463045208149481e+01
7.055068590528451011e+01
7.061517688785301061e+01
7.065000746071700632e+01
7.071041673552799978e+01
7.083939870066500077e+01
7.097572773976550309e+01
7.099368725389849999e+01
7.130607395427250594e+01
7.147668933853600493e+01
7.151206413910099968e+01
7.161519528844050342e+01
7.186690060015300219e+01
7.192894255806699277e+01
7.198635858052249148e+01
7.199561045143950366e+01
7.217438925121800253e+01
7.223996868918850112e+01
7.227398292050099826e+01
7.253412376157899644e+01
7.264079239097500817e+01
7.268079312699850902e+01
7.277848199932800810e+01
7.302175178167500746e+01
7.311671951549951132e+01
7.316189041468250309e+01
7.318610854737700322e+01
7.328134839505199238e+01
7.336080563939799504e+01
7.351727110343549043e+01
7.365033477632999848e+01
7.391673423596949988e+01
7.394693887337498950e+01
7.407183913075449766e+01
7.409088710028949265e+01
7.416109247371849733e+01
7.428136679563949940e+01
7.428925809730399976e+01
7.434177607045049285e+01
7.448572429736499600e+01
7.460409382233250142e+01
7.467919724507049750e+01
7.474858627694800361e+01
7.479185237917749873e+01
7.490641231023799662e+01
7.501253671193300931e+01
7.507022484823899333e+01
7.515185900338899216e+01
7.517770981918650364e+01
7.524492194025999936e+01
7.545336114974300301e+01
7.553336262178999050e+01
7.574697199443249929e+01
7.599214657373300952e+01
7.603731747291600129e+01
7.632711872369850425e+01
7.645664491653650430e+01
7.657800769385950446e+01
7.664222656257750543e+01
7.668739746176049721e+01
7.688712902802750193e+01
7.693311626876200648e+01
7.726536728022249179e+01
7.749258234539000512e+01
7.752469177974900560e+01
7.771163399504250435e+01
7.772632814296950698e+01
7.789721564108350549e+01
7.792986930314350502e+01
7.818239095640750236e+01
7.837831292876749956e+01
7.851382562631650330e+01
7.854702351607750188e+01
7.883655265300950532e+01
7.911438089437000087e+01
7.931764994069349939e+01
7.938622263101950693e+01
7.955983126763850066e+01
7.963411834882499818e+01
8.043549363854749856e+01
8.048610681474049500e+01
8.051631145214599883e+01
8.072856025553599579e+01
8.117890867811350120e+01
8.172095946830950197e+01
8.199280120495900803e+01
8.224967667983099773e+01
8.233321563193450743e+01
8.317268686072699779e+01
8.351418974310450949e+01
8.370085984454750871e+01
8.431610926052799471e+01
8.515177089541350597e+01
8.518279187437049416e+01
8.550551890106349617e+01
8.565654208809100112e+01
8.596511919455799955e+01
8.660349828783100179e+01
8.666390756264199524e+01
8.802202779048749903e+01
8.933960305460850293e+01
8.961715918211849896e+01
9.021281640086300513e+01
9.182563519277650244e+01
9.188903771994300484e+01
9.258129535561499779e+01
9.266048048611050092e+01
9.291245791167349921e+01
9.318130639596749631e+01
9.382240662774549378e+01
9.389424468427749559e+01
9.411438478933200713e+01
9.562760991196250870e+01
9.576257838181051341e+01
9.695008322539250400e+01
1.036742885850979974e+02
1.043445049988795006e+02
1.110534719829570207e+02
1.114121180379159881e+02
1.114183766564775055e+02
1.114600100756039893e+02
1.115076299994415052e+02
1.116474965185985013e+02
1.117016471748480058e+02
1.119315833785205001e+02
1.119372977693810043e+02
1.121566215328839888e+02
1.122083231644789976e+02
1.125098253108330084e+02
1.125707788133450009e+02
1.126110516632190013e+02
1.127569046870870011e+02
1.130820807384344988e+02
1.131005844802684948e+02
1.132888872648145053e+02
1.134053519928285141e+02
1.134619516737325000e+02
1.138023661007079994e+02
1.139571988816424977e+02
1.141406036168795026e+02
1.147670097007304975e+02
1.148192555600264910e+02
1.149830680980275019e+02
1.152497396715175171e+02
1.154083820463589944e+02
1.156249846713569980e+02
1.157972327387234941e+02
1.158339681085410149e+02
1.161033608205360110e+02
1.162130227022874891e+02
1.165137085070899872e+02
1.169349407476640010e+02
1.174157659214974956e+02
1.175735919547875170e+02
1.176892403412500130e+02
1.179303332127929878e+02
1.180070693186340094e+02
1.180144163925974965e+02
1.181496569762960007e+02
1.184478937564440031e+02
1.186152437745014936e+02
1.193145763702865025e+02
1.193662780018815113e+02
1.193997480054929952e+02
1.196424735601389955e+02
1.198498243142200010e+02
1.200427530342244893e+02
1.201162237738594882e+02
1.205235782080580123e+02
1.207461673377669911e+02
1.209717497198315073e+02
1.212552923520525070e+02
1.215369301873200101e+02
1.219309510428440007e+02
1.223200738490590140e+02
1.227230744616495031e+02
1.231375038559610005e+02
1.243375259366660117e+02
1.243663700048190037e+02
1.253944161320080042e+02
1.255680247686269979e+02
1.263253176145684904e+02
1.267794756310530033e+02
1.275642519758950044e+02
1.278771829039699952e+02
1.282480740822014980e+02
1.283106602678165018e+02
1.295354447089169980e+02
1.301773612822464941e+02
1.306010425474750036e+02
1.310203699910955208e+02
1.323142713502229810e+02
1.332946975535745082e+02
1.343831529555745021e+02
